 # (1) Dataset   (2) sqrt_N0   (3) N1   (4) P   (5) Ptest   (6) T   (7) epsilon   (8) bias   (9) lambda0   (10) lambda1   (11) noise   (12) mean_loss   (13) std_loss
cifar10 32 200 50 1000 0.01 0.001 False 1.0 1.0 0.0 0.33762696385383606 0.0010724943929700701
cifar10 32 400 100 1000 0.01 0.001 False 1.0 1.0 0.0 0.28649845719337463 0.0006409672741982996
cifar10 32 800 200 1000 0.01 0.001 False 1.0 1.0 0.0 0.25306436419487 0.0004227334163668533
cifar10 32 1000 250 1000 0.01 0.001 False 1.0 1.0 0.0 0.24757890403270721 0.00040731397870196644
cifar10 32 2000 500 1000 0.01 0.001 False 1.0 1.0 0.0 0.21835318207740784 0.0002822496625100497
cifar10 32 4000 1000 1000 0.01 0.001 False 1.0 1.0 0.0 0.19556505978107452 0.00017987211814505434
cifar10 32 200 50 1000 0.01 0.001 False 1.0 1.0 0.0 0.38521167635917664 0.0009083013612718379
cifar10 32 400 100 1000 0.01 0.001 False 1.0 1.0 0.0 0.3118683099746704 0.0011445546883423181
cifar10 32 800 200 1000 0.01 0.001 False 1.0 1.0 0.0 0.2729048728942871 0.0006758122507372598
cifar10 32 1000 250 1000 0.01 0.001 False 1.0 1.0 0.0 0.2607896625995636 0.0006977644667156214
cifar10 32 2000 500 1000 0.01 0.001 False 1.0 1.0 0.0 0.23613911867141724 0.0004918957377761225
cifar10 32 4000 1000 1000 0.01 0.001 False 1.0 1.0 0.0 0.21568673849105835 0.0005221299570889685
